Allele	A_case	B_case	A_ctrl	B_ctrl	F_case	F_ctrl	Freq	P_Logit	OR	L95	U95	P_adj
DRB1*07:01	37	147	27	253	0.2011	0.0964	0.1379	6.04e-04	2.8155	1.5583	5.0870	0.0012
DQA1*02:01	37	147	27	253	0.2011	0.0964	0.1379	6.04e-04	2.8155	1.5583	5.0870	0.0036
DQB1*02:02	27	157	19	261	0.1467	0.0679	0.0991	0.0039	2.6453	1.3676	5.1170	0.0193
DQB1*ID1	24	160	57	223	0.1304	0.2036	0.1746	0.0232	0.5139	0.2893	0.9130	0.1159
DQA1*01:03	10	174	31	249	0.0543	0.1107	0.0884	0.0307	0.4288	0.1989	0.9244	0.1845
DRB3*ID14	31	39	30	80	0.4429	0.2727	0.3389	0.0970	1.4629	0.9334	2.2927	0.3881
DQA1*05:05	27	157	56	224	0.1467	0.2000	0.1789	0.0989	0.6231	0.3552	1.0929	0.5934
DRB5*01:10N	8	100	16	190	0.0741	0.0777	0.0764	0.9327	0.9722	0.5053	1.8707	0.9327
DQA1*01:01	17	167	25	255	0.0924	0.0893	0.0905	0.9043	1.0427	0.5275	2.0609	1.0000
DQA1*01:02	35	149	48	232	0.1902	0.1714	0.1789	0.5862	1.1518	0.6924	1.9160	1.0000
DQA1*05:01	15	169	26	254	0.0815	0.0929	0.0884	0.6581	0.8541	0.4249	1.7169	1.0000
DQB1*02:01	15	169	26	254	0.0815	0.0929	0.0884	0.6581	0.8541	0.4249	1.7169	1.0000
DQB1*05:01	17	167	32	248	0.0924	0.1143	0.1056	0.4248	0.7650	0.3962	1.4770	1.0000
DQB1*05:02	14	170	24	256	0.0761	0.0857	0.0819	0.6984	0.8675	0.4227	1.7803	1.0000
DRB1*ID3	15	169	23	257	0.0815	0.0821	0.0819	0.9800	0.9910	0.4866	2.0181	1.0000
DRB3*02:22	13	99	15	101	0.1161	0.1293	0.1228	0.8183	0.9323	0.5124	1.6961	1.0000
DRB3*02:24	99	13	99	17	0.8839	0.8534	0.8684	0.6097	1.1638	0.6500	2.0838	1.0000
DRB3*ID2	27	43	47	63	0.3857	0.4273	0.4111	0.6928	0.9156	0.5910	1.4183	1.0000
DRB4*01:01	34	74	64	142	0.3148	0.3107	0.3121	0.9541	1.0114	0.6885	1.4857	1.0000
DRB4*01:03	51	57	101	105	0.4722	0.4903	0.4841	0.8178	0.9594	0.6741	1.3654	1.0000
