              Allele  A_case  B_case  A_ctrl  B_ctrl  F_case  F_ctrl    Freq     P_FET      OR     L95     U95     P_adj
          DQA1*01:01      17     167      25     255  0.0924  0.0893  0.0905    1.0000  1.0383  0.5441  1.9816    1.0000
          DQA1*01:02      35     149      48     232  0.1902  0.1714  0.1789    0.6219  1.1353  0.7013  1.8381    1.0000
          DQA1*01:03      10     174      31     249  0.0543  0.1107  0.0884    0.0441  0.4616  0.2205  0.9662    0.2649
          DQA1*02:01      37     147      27     253  0.2011  0.0964  0.1379    0.0023  2.3585  1.3798  4.0316    0.0135
          DQA1*05:01      15     169      26     254  0.0815  0.0929  0.0884    0.7399  0.8671  0.4461  1.6854    1.0000
          DQA1*05:05      27     157      56     224  0.1467  0.2000  0.1789    0.1731  0.6879  0.4162  1.1370    1.0000
          DQB1*02:01      15     169      26     254  0.0815  0.0929  0.0884    0.7399  0.8671  0.4461  1.6854    1.0000
          DQB1*02:02      27     157      19     261  0.1467  0.0679  0.0991    0.0068  2.3624  1.2716  4.3889    0.0338
          DQB1*05:01      17     167      32     248  0.0924  0.1143  0.1056    0.5375  0.7889  0.4244  1.4667    1.0000
          DQB1*05:02      14     170      24     256  0.0761  0.0857  0.0819    0.8628  0.8784  0.4419  1.7462    1.0000
            DQB1*ID1      24     160      57     223  0.1304  0.2036  0.1746    0.0458  0.5868  0.3495  0.9855    0.2292
          DRB1*07:01      37     147      27     253  0.2011  0.0964  0.1379    0.0023  2.3585  1.3798  4.0316    0.0045
            DRB1*ID3      15     169      23     257  0.0815  0.0821  0.0819    1.0000  0.9918  0.5030  1.9553    1.0000
          DRB3*01:01      34      74      64     142  0.3148  0.3107  0.3121    1.0000  1.0194  0.6171  1.6841    1.0000
          DRB3*02:02      51      57     101     105  0.4722  0.4903  0.4841    0.8124  0.9302  0.5836  1.4826    1.0000
          DRB3*03:01       8     100      16     190  0.0741  0.0777  0.0764    1.0000  0.9500  0.3930  2.2963    1.0000
          DRB4*01:01      13      99      15     101  0.1161  0.1293  0.1228    0.8412  0.8842  0.4002  1.9536    1.0000
          DRB4*01:03      99      13      99      17  0.8839  0.8534  0.8684    0.5594  1.3077  0.6031  2.8357    1.0000
          DRB5*01:01      31      39      30      80  0.4429  0.2727  0.3389    0.0237  2.1197  1.1275  3.9849    0.0475
          DRB5*02:02      27      43      47      63  0.3857  0.4273  0.4111    0.6422  0.8417  0.4565  1.5519    1.0000
