Allele	A_case	B_case	A_ctrl	B_ctrl	F_case	F_ctrl	Freq	P_FET	OR	L95	U95	P_adj
DRB1*07:01:01	37	147	27	253	0.2011	0.0964	0.1379	0.0023	2.3585	1.3798	4.0316	0.0023
DQA1*02:01:01	37	147	27	253	0.2011	0.0964	0.1379	0.0023	2.3585	1.3798	4.0316	0.0135
DQB1*02:02:01	27	157	19	261	0.1467	0.0679	0.0991	0.0068	2.3624	1.2716	4.3889	0.0338
DRB5*01:01:01	31	39	30	80	0.4429	0.2727	0.3389	0.0237	2.1197	1.1275	3.9849	0.0475
DQB1*ID1	24	160	57	223	0.1304	0.2036	0.1746	0.0458	0.5868	0.3495	0.9855	0.2292
DQA1*01:03:01	10	174	31	249	0.0543	0.1107	0.0884	0.0441	0.4616	0.2205	0.9662	0.2649
DRB4*01:03:01	93	19	91	25	0.8304	0.7845	0.8070	0.4056	1.3447	0.6930	2.6092	0.8111
DQA1*01:02:01	22	162	23	257	0.1196	0.0821	0.0970	0.2012	1.5174	0.8190	2.8115	1.0000
DQA1*01:02:02	13	171	23	257	0.0707	0.0821	0.0776	0.7248	0.8495	0.4189	1.7228	1.0000
DQA1*05:01:01	15	169	26	254	0.0815	0.0929	0.0884	0.7399	0.8671	0.4461	1.6854	1.0000
DQA1*05:05:01	27	157	56	224	0.1467	0.2000	0.1789	0.1731	0.6879	0.4162	1.1370	1.0000
DQB1*02:01:01	15	169	26	254	0.0815	0.0929	0.0884	0.7399	0.8671	0.4461	1.6854	1.0000
DQB1*05:01:01	17	167	32	248	0.0924	0.1143	0.1056	0.5375	0.7889	0.4244	1.4667	1.0000
DQB1*05:02:01	14	170	24	256	0.0761	0.0857	0.0819	0.8628	0.8784	0.4419	1.7462	1.0000
DRB3*01:01:02	34	74	64	142	0.3148	0.3107	0.3121	1.0000	1.0194	0.6171	1.6841	1.0000
DRB3*02:02:01	51	57	101	105	0.4722	0.4903	0.4841	0.8124	0.9302	0.5836	1.4826	1.0000
DRB4*01:01:01	13	99	15	101	0.1161	0.1293	0.1228	0.8412	0.8842	0.4002	1.9536	1.0000
DRB5*02:02:01	27	43	47	63	0.3857	0.4273	0.4111	0.6422	0.8417	0.4565	1.5519	1.0000
