Allele	A_case	B_case	A_ctrl	B_ctrl	F_case	F_ctrl	Freq	P_Chisq	Chisq	DF	OR	L95	U95	P_adj
DRB1*07:01:01	37	147	27	253	0.2011	0.0964	0.1379	0.0022	9.3670	1	2.3585	1.3798	4.0316	0.0133
DQA1*02:01:01	37	147	27	253	0.2011	0.0964	0.1379	0.0022	9.3670	1	2.3585	1.3798	4.0316	0.0177
DQB1*02:02:01	27	157	19	261	0.1467	0.0679	0.0991	0.0087	6.8779	1	2.3624	1.2716	4.3889	0.0785
DRB5*01:01:01	31	39	30	80	0.4429	0.2727	0.3389	0.0286	4.7932	1	2.1197	1.1275	3.9849	0.0857
DRB1*11:01:01	4	180	22	258	0.0217	0.0786	0.0560	0.0165	5.7482	1	0.2606	0.0883	0.7691	0.0990
DRB5*01:02	1	69	12	98	0.0143	0.1091	0.0722	0.0357	4.4104	1	0.1184	0.0150	0.9316	0.1072
DRB1*15:01:01	18	166	14	266	0.0978	0.0500	0.0690	0.0716	3.2456	1	2.0602	0.9980	4.2532	0.4297
DQA1*01:03:01	10	174	31	249	0.0543	0.1107	0.0884	0.0542	3.7076	1	0.4616	0.2205	0.9662	0.4333
DQB1*ID1	24	160	57	223	0.1304	0.2036	0.1746	0.0568	3.6298	1	0.5868	0.3495	0.9855	0.5108
DQA1*03:01:01	18	166	15	265	0.0978	0.0536	0.0711	0.1032	2.6559	1	1.9157	0.9398	3.9049	0.8253
DQB1*06:02:01	17	167	14	266	0.0924	0.0500	0.0668	0.1098	2.5565	1	1.9341	0.9289	4.0270	0.9886
DQA1*01:01:01	13	171	20	260	0.0707	0.0714	0.0711	0.8786	0.0233	1	0.9883	0.4789	2.0395	1.0000
DQA1*01:02:01	22	162	23	257	0.1196	0.0821	0.0970	0.2411	1.3739	1	1.5174	0.8190	2.8115	1.0000
DQA1*01:02:02	13	171	23	257	0.0707	0.0821	0.0776	0.7831	0.0758	1	0.8495	0.4189	1.7228	1.0000
DQA1*05:01:01	15	169	26	254	0.0815	0.0929	0.0884	0.7998	0.0643	1	0.8671	0.4461	1.6854	1.0000
DQA1*05:05:01	27	157	56	224	0.1467	0.2000	0.1789	0.1801	1.7971	1	0.6879	0.4162	1.1370	1.0000
DQB1*02:01:01	15	169	26	254	0.0815	0.0929	0.0884	0.7998	0.0643	1	0.8671	0.4461	1.6854	1.0000
DQB1*03:02:01	13	171	13	267	0.0707	0.0464	0.0560	0.3662	0.8164	1	1.5614	0.7069	3.4486	1.0000
DQB1*05:01:01	17	167	32	248	0.0924	0.1143	0.1056	0.5510	0.3556	1	0.7889	0.4244	1.4667	1.0000
DQB1*05:02:01	14	170	24	256	0.0761	0.0857	0.0819	0.8439	0.0388	1	0.8784	0.4419	1.7462	1.0000
DQB1*05:03:01	10	174	19	261	0.0543	0.0679	0.0625	0.6950	0.1537	1	0.7895	0.3585	1.7385	1.0000
DQB1*06:03:01	10	174	19	261	0.0543	0.0679	0.0625	0.6950	0.1537	1	0.7895	0.3585	1.7385	1.0000
DRB1*11:04:01	10	174	14	266	0.0543	0.0500	0.0517	0.9941	0.0001	1	1.0920	0.4744	2.5135	1.0000
DRB1*ID0	13	171	20	260	0.0707	0.0714	0.0711	0.8786	0.0233	1	0.9883	0.4789	2.0395	1.0000
DRB1*ID3	12	172	15	265	0.0652	0.0536	0.0582	0.7478	0.1034	1	1.2326	0.5633	2.6968	1.0000
DRB3*01:01:02	34	74	64	142	0.3148	0.3107	0.3121	0.9577	0.0028	1	1.0194	0.6171	1.6841	1.0000
DRB3*02:02:01	51	57	101	105	0.4722	0.4903	0.4841	0.8528	0.0344	1	0.9302	0.5836	1.4826	1.0000
DRB3*03:01:01	8	100	14	192	0.0741	0.0680	0.0701	0.9752	0.0010	1	1.0971	0.4453	2.7031	1.0000
DRB4*01:01:01	13	99	15	101	0.1161	0.1293	0.1228	0.9182	0.0105	1	0.8842	0.4002	1.9536	1.0000
DRB4*01:03:01	93	19	91	25	0.8304	0.7845	0.8070	0.4779	0.5036	1	1.3447	0.6930	2.6092	1.0000
DRB4*01:03:02	6	106	8	108	0.0536	0.0690	0.0614	0.8351	0.0433	1	0.7642	0.2564	2.2772	1.0000
DRB5*02:02:01	27	43	47	63	0.3857	0.4273	0.4111	0.6913	0.1577	1	0.8417	0.4565	1.5519	1.0000
