Allele	A_case	B_case	A_ctrl	B_ctrl	F_case	F_ctrl	Freq	P_Logit	OR	L95	U95	P_adj
DRB1*07:01:01	37	147	27	253	0.2011	0.0964	0.1379	5.81e-05	0.1084	0.0367	0.3202	5.81e-05
DQB1*02:02:01	27	157	19	261	0.1467	0.0679	0.0991	4.63e-05	0.1076	0.0368	0.3145	2.32e-04
DQB1*05:01:01	17	167	32	248	0.0924	0.1143	0.1056	6.07e-05	0.1109	0.0378	0.3248	3.03e-04
DQB1*02:01:01	15	169	26	254	0.0815	0.0929	0.0884	6.93e-05	0.1129	0.0385	0.3306	3.46e-04
DQA1*02:01:01	37	147	27	253	0.2011	0.0964	0.1379	5.81e-05	0.1084	0.0367	0.3202	3.49e-04
DQA1*01:02:01	22	162	23	257	0.1196	0.0821	0.0970	6.36e-05	0.1099	0.0373	0.3244	3.82e-04
DQA1*01:03:01	10	174	31	249	0.0543	0.1107	0.0884	6.70e-05	0.1100	0.0372	0.3257	4.02e-04
DQA1*05:01:01	15	169	26	254	0.0815	0.0929	0.0884	6.93e-05	0.1129	0.0385	0.3306	4.16e-04
DQB1*05:02:01	14	170	24	256	0.0761	0.0857	0.0819	8.35e-05	0.1158	0.0395	0.3389	4.17e-04
DQA1*01:02:02	13	171	23	257	0.0707	0.0821	0.0776	8.18e-05	0.1155	0.0395	0.3381	4.91e-04
DQA1*05:05:01	27	157	56	224	0.1467	0.2000	0.1789	9.40e-05	0.1176	0.0402	0.3443	5.64e-04
DQB1*ID1	24	160	57	223	0.1304	0.2036	0.1746	1.24e-04	0.1191	0.0402	0.3531	6.21e-04
DRB4*01:01:01	34	74	64	142	0.3148	0.3107	0.3121	0.0021	0.0354	0.0042	0.2987	0.0043
DRB4*01:03:01	51	57	101	105	0.4722	0.4903	0.4841	0.0022	0.0356	0.0042	0.3009	0.0044
DRB3*02:22:01	93	19	91	25	0.8304	0.7845	0.8070	0.0059	0.1425	0.0356	0.5707	0.0236
DRB3*02:10	13	99	15	101	0.1161	0.1293	0.1228	0.0061	0.1441	0.0361	0.5752	0.0243
DRB3*03:01:03	31	39	30	80	0.4429	0.2727	0.3389	0.3471	0.4430	0.0812	2.4181	1.0000
DRB3*ID20	27	43	47	63	0.3857	0.4273	0.4111	0.3516	0.4439	0.0804	2.4515	1.0000
