              Allele  A_case  B_case  A_ctrl  B_ctrl  F_case  F_ctrl    Freq   P_Logit      OR     L95     U95     P_adj
       DQA1*01:02:01      22     162      23     257  0.1196  0.0821  0.0970    0.1605  1.5988  0.8303  3.0786    0.9627
       DQA1*01:02:02      13     171      23     257  0.0707  0.0821  0.0776    0.6365  0.8371  0.4004  1.7502    1.0000
       DQA1*01:03:01      10     174      31     249  0.0543  0.1107  0.0884    0.0307  0.4288  0.1989  0.9244    0.1845
       DQA1*02:01:01      37     147      27     253  0.2011  0.0964  0.1379  6.04e-04  2.8155  1.5583  5.0870    0.0036
       DQA1*05:01:01      15     169      26     254  0.0815  0.0929  0.0884    0.6581  0.8541  0.4249  1.7169    1.0000
       DQA1*05:05:01      27     157      56     224  0.1467  0.2000  0.1789    0.0989  0.6231  0.3552  1.0929    0.5934
       DQB1*02:01:01      15     169      26     254  0.0815  0.0929  0.0884    0.6581  0.8541  0.4249  1.7169    1.0000
       DQB1*02:02:01      27     157      19     261  0.1467  0.0679  0.0991    0.0039  2.6453  1.3676  5.1170    0.0193
       DQB1*05:01:01      17     167      32     248  0.0924  0.1143  0.1056    0.4248  0.7650  0.3962  1.4770    1.0000
       DQB1*05:02:01      14     170      24     256  0.0761  0.0857  0.0819    0.6984  0.8675  0.4227  1.7803    1.0000
            DQB1*ID1      24     160      57     223  0.1304  0.2036  0.1746    0.0232  0.5139  0.2893  0.9130    0.1159
       DRB1*07:01:01      37     147      27     253  0.2011  0.0964  0.1379  6.04e-04  2.8155  1.5583  5.0870  6.04e-04
          DRB3*02:10      13      99      15     101  0.1161  0.1293  0.1228    0.8183  0.9323  0.5124  1.6961    1.0000
       DRB3*02:22:01      93      19      91      25  0.8304  0.7845  0.8070    0.5111  1.1818  0.7181  1.9448    1.0000
       DRB3*03:01:03      31      39      30      80  0.4429  0.2727  0.3389    0.0970  1.4629  0.9334  2.2927    0.3881
           DRB3*ID20      27      43      47      63  0.3857  0.4273  0.4111    0.6928  0.9156  0.5910  1.4183    1.0000
       DRB4*01:01:01      34      74      64     142  0.3148  0.3107  0.3121    0.9541  1.0114  0.6885  1.4857    1.0000
       DRB4*01:03:01      51      57     101     105  0.4722  0.4903  0.4841    0.8178  0.9594  0.6741  1.3654    1.0000
